583758.644249,6148084.34578
583758.702835,6148084.25784
583758.74793,6148084.21417
583758.778898,6148084.24816
583758.81114,6148084.21537
583758.823357,6148084.23787
583758.828618,6148084.29363
583758.847157,6148084.31625
583758.85369,6148084.30524
583758.85475,6148084.2496
583758.874561,6148084.20545
583758.91376,6148084.13941
583758.933995,6148084.073
583758.95423,6148084.0066
583758.981422,6148083.90693
583759.007554,6148083.8629
583759.027366,6148083.81875
583759.059607,6148083.78597
583759.05371,6148083.7636
583759.05477,6148083.70796
583759.056254,6148083.63006
583759.069956,6148083.57467
583759.064908,6148083.50778
583759.045945,6148083.50742
583759.039836,6148083.49617
583759.039836,6148083.49617
583759.027618,6148083.47367
583759.021297,6148083.47355
583759.021085,6148083.48468
583759.002546,6148083.46206
583758.988844,6148083.51746
583758.976202,6148083.51722
583758.975778,6148083.53948
583758.981887,6148083.55072
583758.9625,6148083.57262
583758.95007,6148083.56125
583758.943325,6148083.58338
583758.949646,6148083.5835
583758.943537,6148083.57226
583758.937004,6148083.58326
583758.942901,6148083.60564
583758.935307,6148083.67229
583758.929623,6148083.63878
583758.904763,6148083.61604
583758.88686,6148083.56004
583758.868745,6148083.51517
583758.869593,6148083.47066
583758.876338,6148083.44853
583758.883083,6148083.42639
583758.87655,6148083.4374
583758.890041,6148083.39313
583758.895513,6148083.43776
583758.889192,6148083.43764
583758.876762,6148083.42627
583758.87655,6148083.4374
583758.890041,6148083.39313
583758.884992,6148083.32624
583758.884992,6148083.32624
583758.898482,6148083.28197
583758.925462,6148083.19343
583758.931995,6148083.18243
583758.938528,6148083.17142
583758.945061,6148083.16041
583758.945061,6148083.16041
583758.951806,6148083.13828
583758.970769,6148083.13864
583758.996689,6148083.10574
583758.990581,6148083.09449
583758.997114,6148083.08348
583759.004283,6148083.03909
583759.010392,6148083.05034
583759.004707,6148083.01684
583758.997962,6148083.03897
583758.998386,6148083.01671
583759.004707,6148083.01684
583758.992701,6148082.98321
583758.993337,6148082.94983
583758.987652,6148082.91632
583758.994397,6148082.89419
583758.988288,6148082.88294
583758.995033,6148082.86081
583758.988925,6148082.84956
583758.982816,6148082.83831
583758.976919,6148082.81593
583758.976919,6148082.81593
583758.95838,6148082.79332
583758.965125,6148082.77118
583758.965125,6148082.77118
583758.965549,6148082.74893
583758.972082,6148082.73792
583758.978615,6148082.72691
583758.979251,6148082.69353
583758.979251,6148082.69353
583758.985996,6148082.67139
583758.979887,6148082.66015
583758.980311,6148082.63789
583758.986844,6148082.62688
583758.980735,6148082.61564
583758.987269,6148082.60463
583758.987693,6148082.58237
583758.981796,6148082.56
583758.982008,6148082.54887
583758.975687,6148082.54875
583758.976111,6148082.52649
583758.982432,6148082.52661
583758.976535,6148082.50424
583758.970002,6148082.51525
583758.976535,6148082.50424
583758.976323,6148082.51537
583758.976323,6148082.51537
583758.976323,6148082.51537
583758.969578,6148082.5375
583758.976323,6148082.51537
583758.969578,6148082.5375
583758.975687,6148082.54875
583758.982008,6148082.54887
583758.981584,6148082.57112
583758.987693,6148082.58237
583759.000335,6148082.58261
583759.000335,6148082.58261
583759.000335,6148082.58261
583759.000547,6148082.57149
583759.013189,6148082.57173
583759.013401,6148082.5606
583759.019722,6148082.56072
583759.026255,6148082.54971
583759.039321,6148082.5277
583759.04543,6148082.53895
583759.039533,6148082.51657
583759.039957,6148082.49431
583759.052811,6148082.48343
583759.053235,6148082.46117
583759.04649,6148082.48331
583759.059344,6148082.47242
583759.053659,6148082.43892
583759.053447,6148082.45004
583759.060192,6148082.42791
583759.060404,6148082.41678
583759.06104,6148082.3834
583759.061252,6148082.37227
583759.067997,6148082.35014
583759.061888,6148082.33889
583759.062312,6148082.31663
583759.062525,6148082.30551
583759.068846,6148082.30563
583759.069058,6148082.2945
583759.062949,6148082.28325
583759.069694,6148082.26111
583759.063373,6148082.26099
583759.063585,6148082.24987
583759.063797,6148082.23874
583759.07033,6148082.22773
583759.071178,6148082.18322
583759.08382,6148082.18346
583759.071178,6148082.18322
583759.084456,6148082.15008
583759.077923,6148082.16109
583759.078135,6148082.14996
583759.084244,6148082.16121
583759.084456,6148082.15008
583759.078347,6148082.13883
583759.078347,6148082.13883
583759.085092,6148082.1167
583759.078347,6148082.13883
583759.097946,6148082.10581
583759.091413,6148082.11682
583759.097734,6148082.11694
583759.097946,6148082.10581
583759.104267,6148082.10593
583759.104691,6148082.08367
583759.098158,6148082.09468
583759.104479,6148082.0948
583759.097946,6148082.10581
583759.091625,6148082.10569
583759.097946,6148082.10581
583759.085304,6148082.10557
583759.078771,6148082.11658
583759.085516,6148082.09444
583759.078983,6148082.10545
583759.079195,6148082.09432
583759.078983,6148082.10545
583759.079195,6148082.09432
583759.066765,6148082.08295
583759.066341,6148082.10521
583759.059808,6148082.11621
583759.053911,6148082.09384
583759.06002,6148082.10509
583759.047166,6148082.11597
583759.047166,6148082.11597
583759.046742,6148082.13823
583759.040209,6148082.14924
583759.040209,6148082.14924
583759.039997,6148082.16036
583759.033676,6148082.16024
583759.033888,6148082.14912
583759.033888,6148082.14912
583759.0341,6148082.13799
583759.047166,6148082.11597
583759.047166,6148082.11597
583759.053911,6148082.09384
583759.041057,6148082.10472
583759.041269,6148082.0936
583759.041269,6148082.0936
583759.041269,6148082.0936
583759.041481,6148082.08247
583759.034736,6148082.1046
583759.035373,6148082.07122
583759.029052,6148082.0711
583759.029052,6148082.0711
583759.022731,6148082.07098
583759.022943,6148082.05985
583759.016622,6148082.05973
583759.004404,6148082.03724
583759.004192,6148082.04836
583759.004828,6148082.01498
583758.991974,6148082.02587
583758.992186,6148082.01474
583758.992398,6148082.00361
583758.986077,6148082.00349
583758.986289,6148081.99236
583758.973435,6148082.00325
583758.973859,6148081.98099
583758.96775,6148081.96975
583758.973647,6148081.99212
583758.967114,6148082.00313
583758.967326,6148081.992
583758.960369,6148082.02526
583758.954472,6148082.00289
583758.953836,6148082.03627
583758.947727,6148082.02502
583758.947303,6148082.04728
583758.934661,6148082.04704
583758.940558,6148082.06941
583758.946667,6148082.08066
583758.940134,6148082.09167
583758.940134,6148082.09167
583758.939922,6148082.1028
583758.940346,6148082.08054
583758.933601,6148082.10268
583758.933601,6148082.10268
583758.927068,6148082.11368
583758.926856,6148082.12481
583758.92728,6148082.10256
583758.914214,6148082.12457
583758.901148,6148082.14659
583758.914002,6148082.1357
583758.888718,6148082.13522
583758.894402,6148082.16872
583758.88176,6148082.16848
583758.88176,6148082.16848
583758.875227,6148082.17949
583758.854992,6148082.24589
583758.848671,6148082.24577
583758.848671,6148082.24577
583758.848671,6148082.24577
583758.842138,6148082.25678
583758.848247,6148082.26803
583758.848671,6148082.24577
583758.848247,6148082.26803
583758.854568,6148082.26815
583758.854992,6148082.24589
583758.854992,6148082.24589
583758.85478,6148082.25702
583758.861313,6148082.24601
583758.85478,6148082.25702
583758.854568,6148082.26815
583758.848035,6148082.27915
583758.847823,6148082.29028
583758.847399,6148082.31254
583758.847611,6148082.30141
583758.847611,6148082.30141
583758.847399,6148082.31254
583758.841078,6148082.31242
583758.847399,6148082.31254
583758.846975,6148082.33479
583758.840442,6148082.3458
583758.853084,6148082.34604
583758.846551,6148082.35705
583758.858981,6148082.36842
583758.859193,6148082.35729
583758.852448,6148082.37942
583758.85266,6148082.3683
583758.846127,6148082.3793
583758.846127,6148082.3793
583758.845703,6148082.40156
583758.846339,6148082.36818
583758.846127,6148082.3793
583758.839594,6148082.39031
583758.845915,6148082.39043
583758.839594,6148082.39031
583758.852448,6148082.37942
583758.852236,6148082.39055
583758.858557,6148082.39067
583758.858769,6148082.37954
583758.858769,6148082.37954
583758.858557,6148082.39067
583758.858557,6148082.39067
583758.858345,6148082.4018
583758.871199,6148082.39091
583758.858345,6148082.4018
583758.871199,6148082.39091
583758.877308,6148082.40216
583758.883416,6148082.41341
583758.890162,6148082.39127
583758.884053,6148082.38003
583758.896483,6148082.3914
583758.903228,6148082.36926
583758.903228,6148082.36926
583758.909337,6148082.38051
583758.922191,6148082.36962
583758.922403,6148082.35849
583758.922403,6148082.35849
583758.928724,6148082.35861
583758.935045,6148082.35873
583758.934621,6148082.38099
583758.940941,6148082.38111
583758.941366,6148082.35886
583758.941366,6148082.35886
583758.941366,6148082.35886
583758.947899,6148082.34785
583758.941366,6148082.35886
583758.954644,6148082.32571
583758.954008,6148082.3591
583758.95422,6148082.34797
583758.947899,6148082.34785
583758.954432,6148082.33684
583758.954432,6148082.33684
583758.960329,6148082.35922
583758.954432,6148082.33684
583758.948111,6148082.33672
583758.948323,6148082.32559
583758.948111,6148082.33672
583758.954432,6148082.33684
583758.954432,6148082.33684
583758.954432,6148082.33684
583758.967074,6148082.33708
583758.973395,6148082.3372
583758.96665,6148082.35934
583758.986037,6148082.33744
583758.986037,6148082.33744
583758.99257,6148082.32644
583758.999103,6148082.31543
583759.005636,6148082.30442
583759.005636,6148082.30442
583759.011957,6148082.30454
583759.018278,6148082.30466
583759.012169,6148082.29341
583759.018066,6148082.31579
583759.012169,6148082.29341
583759.01849,6148082.29353
583759.018914,6148082.27128
583759.012381,6148082.28229
583759.025659,6148082.24914
583759.019126,6148082.26015
583759.025447,6148082.26027
583759.019338,6148082.24902
583759.013017,6148082.2489
583759.013229,6148082.23778
583759.013229,6148082.23778
583759.019338,6148082.24902
583759.019338,6148082.24902
583759.019126,6148082.26015
583759.019126,6148082.26015
583759.013017,6148082.2489
583759.019126,6148082.26015
583759.019126,6148082.26015
583759.025659,6148082.24914
583759.019126,6148082.26015
583759.025659,6148082.24914
583759.019126,6148082.26015
583759.025447,6148082.26027
583759.025447,6148082.26027
583759.018914,6148082.27128
583759.018914,6148082.27128
583759.018702,6148082.28241
583759.018702,6148082.28241
583759.01849,6148082.29353
583759.024599,6148082.30478
583759.024175,6148082.32704
583759.018066,6148082.31579
583759.024387,6148082.31591
583759.023962,6148082.33817
583759.02375,6148082.34929
583759.022902,6148082.3938
583759.022902,6148082.3938
583759.029223,6148082.39392
583759.02269,6148082.40493
583759.02269,6148082.40493
583759.02269,6148082.40493
583759.022478,6148082.41606
583759.016157,6148082.41594
583759.022478,6148082.41606
583759.015945,6148082.42707
583759.022266,6148082.42719
583759.015733,6148082.43819
583759.028375,6148082.43844
583759.022054,6148082.43831
583759.028375,6148082.43844
583759.028163,6148082.44956
583759.034484,6148082.44968
583759.034484,6148082.44968
583759.034484,6148082.44968
583759.034272,6148082.46081
583759.040805,6148082.4498
583759.040805,6148082.4498
583759.040593,6148082.46093
583759.047338,6148082.4388
583759.040593,6148082.46093
583759.047126,6148082.44992
583759.040805,6148082.4498
583759.040593,6148082.46093
583759.034272,6148082.46081
583759.046914,6148082.46105
583759.040593,6148082.46093
583759.040805,6148082.4498
583759.03406,6148082.47194
583759.040593,6148082.46093
583759.041017,6148082.43868
583759.034696,6148082.43856
583759.04755,6148082.42767
583759.047338,6148082.4388
583759.041017,6148082.43868
583759.047126,6148082.44992
583759.053659,6148082.43892
583759.053871,6148082.42779
583759.053659,6148082.43892
583759.060192,6148082.42791
583759.05998,6148082.43904
583759.053659,6148082.43892
583759.05998,6148082.43904
583759.05998,6148082.43904
583759.066089,6148082.45029
583759.072622,6148082.43928
583759.078943,6148082.4394
583759.078943,6148082.4394
583759.072834,6148082.42815
583759.085264,6148082.43952
583759.078731,6148082.45053
583759.078519,6148082.46165
583759.084628,6148082.4729
583759.084416,6148082.48403
583759.084628,6148082.4729
583759.090525,6148082.49528
583759.102743,6148082.51777
583759.102955,6148082.50665
583759.102743,6148082.51777
583759.109276,6148082.50677
583759.096846,6148082.4954
583759.05892,6148082.49468
583759.040381,6148082.47206
583759.053871,6148082.42779
583759.085688,6148082.41726
583759.16154,6148082.41871
583759.244137,6148082.39802
583759.32631,6148082.39959
583759.409543,6148082.34551
583759.512587,6148082.24729
583759.655253,6148082.06077
583759.87462,6148081.83118
583760.027,6148081.46674
583760.148411,6148081.06831
583760.25506,6148080.78092
583760.353692,6148080.58243
583760.478244,6148080.35103
583760.464794,6148080.06135
583760.519603,6148079.83976
583760.516251,6148079.68385
583760.54934,6148079.60656
583760.329378,6148079.53558
583760.30473,6148079.50171
583760.336547,6148079.49119
583760.32136,6148079.62448
583760.219376,6148079.66706
583760.144797,6148079.59885
583760.250598,6148079.35597
583760.354914,6148079.19098
583760.694127,6148079.30876
583760.783681,6148079.25481
583760.812358,6148079.07725
583760.798696,6148078.79869
583760.80947,6148078.56513
583760.825717,6148078.3762
583760.873993,6148078.16562
583760.945856,6148078.04454
583761.004654,6148077.94547
583761.070408,6148077.81315
583761.147956,6148077.72557
583761.21876,6148077.66013
583761.32138,6148077.58416
583761.404189,6148077.55235
583761.512706,6148077.49875
583761.633229,6148077.47879
583761.735425,6148077.42508
583761.81781,6148077.41551
583761.856796,6148077.3606
583761.825615,6148077.33774
583761.705305,6148077.34658
583761.648628,6148077.33437
583761.648628,6148077.33437
583761.680869,6148077.30159
583761.720279,6148077.22442
583761.759689,6148077.14725
583761.82396,6148077.09281
583761.8758,6148077.02701
583761.946815,6148076.95044
583761.97948,6148076.8954
583761.974644,6148076.81739
583761.963274,6148076.75038
583761.945371,6148076.69438
583761.927469,6148076.63838
583761.909354,6148076.59351
583761.928317,6148076.59387
583761.942231,6148076.52735
583761.967727,6148076.5167
583761.999544,6148076.50617
583762.038318,6148076.46239
583762.096055,6148076.41896
583762.13483,6148076.37517
583762.179077,6148076.37602
583762.223536,6148076.36573
583762.23639,6148076.35484
583762.261886,6148076.3442
583762.255353,6148076.35521
583762.255353,6148076.35521
583762.255565,6148076.34408
583762.287594,6148076.32242
583762.338798,6148076.29
583762.401796,6148076.30234
583762.464582,6148076.3258
583762.508192,6148076.36002
583762.558548,6148076.37211
583762.57119,6148076.37236
583762.596262,6148076.38397
583762.602159,6148076.40634
583762.602159,6148076.40634
583762.582984,6148076.41711
583762.570766,6148076.39461
583762.564869,6148076.37224
583762.565081,6148076.36111
583762.565293,6148076.34998
583762.559396,6148076.3276
583762.566566,6148076.28321
583762.579632,6148076.2612
583762.592698,6148076.23918
583762.611873,6148076.22842
583762.624939,6148076.2064
583762.644538,6148076.17338
583762.65718,6148076.17362
583762.663925,6148076.15149
583762.676355,6148076.16286
583762.66961,6148076.18499
583762.65718,6148076.17362
583762.670034,6148076.16274
583762.682464,6148076.1741
583762.663925,6148076.15149
583762.645174,6148076.14
583762.620314,6148076.11726
583762.588922,6148076.10553
583762.538778,6148076.08231
583762.457241,6148076.04736
583762.318815,6148076.01133
583762.105598,6148075.91821
583761.855515,6148075.76873
583761.643782,6148075.59772
583761.489361,6148075.40554
583761.379825,6148075.18082
583761.277457,6148074.91171
583761.162235,6148074.65348
583761.091048,6148074.40723
583761.055667,6148074.27297
583761.025758,6148074.18335
583761.039884,6148074.10569
583761.059908,6148074.05042
583761.091937,6148074.02876
583761.123754,6148074.01824
583761.162104,6148073.99671
583761.16168,6148074.01896
583761.168001,6148074.01908
583761.167153,6148074.06359
583761.193285,6148074.01956
583761.218993,6148073.99779
583761.244913,6148073.96489
583761.270833,6148073.93199
583761.278002,6148073.8876
583761.297601,6148073.85458
583761.317413,6148073.81043
583761.318049,6148073.77704
583761.292765,6148073.77656
583761.242409,6148073.76447
583761.192053,6148073.75238
583761.141485,6148073.75141
583761.103559,6148073.75069
583761.078487,6148073.73908
583761.046882,6148073.73848
583761.041197,6148073.70498
583761.066693,6148073.69433
583761.074286,6148073.62768
583761.093886,6148073.59466
583761.106952,6148073.57265
583761.126339,6148073.55075
583761.133084,6148073.52862
583761.152259,6148073.51785
583761.152471,6148073.50673
583761.15858,6148073.51797
583761.152259,6148073.51785
583761.152047,6148073.52898
583761.152047,6148073.52898
583761.164477,6148073.54035
583761.177331,6148073.52946
583761.196718,6148073.50757
583761.202615,6148073.52994
583761.201979,6148073.56333
583761.207664,6148073.59683
583761.212924,6148073.65259
583761.217761,6148073.7306
583761.241137,6148073.83124
583761.325814,6148074.03322
583761.378462,6148074.25686
583761.4446,6148074.43623
583761.48609,6148074.58173
583761.553501,6148074.69433
583761.634825,6148074.74041
583761.715726,6148074.80874
583761.7783,6148074.84333
583761.82908,6148074.83316
583761.910405,6148074.87924
583762.011116,6148074.90342
583762.092441,6148074.9495
583762.180299,6148074.98457
583762.229171,6148075.07456
583762.284575,6148075.15353
583762.364628,6148075.26638
583762.439207,6148075.33459
583762.493976,6148075.44695
583762.562446,6148075.50391
583762.607542,6148075.46025
583762.686786,6148075.28365
583762.761195,6148075.02904
583762.818972,6148074.65166
583762.833775,6148074.20667
583762.881032,6148073.71777
583762.890574,6148073.21703
583762.925825,6148072.69451
583762.973929,6148072.1611
583763.028779,6148071.60556
583763.121555,6148071.05074
583763.208221,6148070.48467
583763.301421,6148069.9076
583763.413584,6148069.33088
583763.525747,6148068.75417
583763.649916,6148068.21108
583763.78083,6148067.64586
583763.930707,6148067.08099
583764.073839,6148066.53826
583764.222867,6148066.01791
583764.358618,6148065.5307
583764.487624,6148065.06563
583764.627999,6148064.66756
583764.748351,6148064.32477
583764.861321,6148064.0375
583764.941415,6148063.81639
583765.021296,6148063.60641
583765.080942,6148063.46283
583765.127734,6148063.33014
583765.174101,6148063.21971
583765.182331,6148063.11968
583765.215632,6148063.03126
583765.198154,6148062.95301
583765.193741,6148062.85274
583765.176263,6148062.77448
583765.146566,6148062.67373
583765.11687,6148062.57298
583765.093494,6148062.47235
583765.070119,6148062.37171
583765.034737,6148062.23746
583764.930885,6148062.04624
583764.728653,6148061.70843
583764.477125,6148061.3029
583764.18852,6148060.85213
583763.893805,6148060.39011
583763.606048,6148059.89483
583763.293218,6148059.38794
583762.993243,6148058.87016
583762.699588,6148058.35251
583762.40657,6148057.80147
583762.11966,6148057.26168
583761.845817,6148056.69987
583761.571761,6148056.14919
583761.329522,6148055.58799
583761.087284,6148055.02679
583760.8383,6148054.48772
583760.658423,6148053.97223
583760.478123,6148053.479
583760.328579,6148053.03088
583760.189981,6148052.67202
583760.082563,6148052.33602
583759.967977,6148052.04441
583759.88436,6148051.78679
583759.793149,6148051.59581
583759.726798,6148051.42757
583759.666344,6148051.28171
583759.617897,6148051.16947
583759.582303,6148051.04634
583759.540176,6148050.93422
583759.510691,6148050.82234
583759.48774,6148050.69945
583759.47743,6148050.57681
583759.467121,6148050.45416
583759.456387,6148050.35377
583759.458083,6148050.26475
583759.446925,6148050.18662
583759.372557,6148050.10728
583759.172193,6148050.00327
583758.826656,6148049.88537
583757.940056,6148049.62358
583757.436705,6148049.49154
583756.882575,6148049.36966
583756.278088,6148049.23569
583755.654426,6148049.11249
583755.049515,6148049.00078
583754.425641,6148048.88871
583753.845802,6148048.78861
583753.273556,6148048.62186
583752.725959,6148048.48897
583752.178573,6148048.34496
583751.644465,6148048.16781
583751.077905,6148048.03457
583750.53684,6148047.89068
583749.989242,6148047.75779
583749.41636,6148047.62443
583748.862229,6148047.50255
583748.295032,6148047.40269
583747.709296,6148047.28022
583747.0791,6148047.16802
583746.511903,6148047.06816
583745.94513,6148046.94605
583745.421968,6148046.85816
583744.943265,6148046.75998
583744.496167,6148046.66241
583744.099214,6148046.58806
583743.739763,6148046.53668
583743.405808,6148046.47466
583743.127894,6148046.45824
583742.856726,6148046.41967
583742.629804,6148046.38196
583742.414889,6148046.37786
583742.219785,6148046.32962
583742.056074,6148046.2931
583741.911538,6148046.24582
583741.791862,6148046.22128
583741.684829,6148046.19698
583741.59697,6148046.16191
583741.515645,6148046.11583
583741.447173,6148046.05887
583741.396817,6148046.04678
583741.334667,6148045.98993
583741.240275,6148045.96587
583741.082885,6148045.92948
583740.899575,6148045.92599
583740.716265,6148045.92249
583740.526422,6148045.93001
583740.361227,6148045.97139
583740.208886,6148046.00188
583740.069187,6148046.03262
583739.954772,6148046.06383
583739.847103,6148046.07291
583739.745542,6148046.09324
583739.650727,6148046.09143
583739.574874,6148046.08999
583739.499022,6148046.08854
583739.435811,6148046.08734
583739.385243,6148046.08638
583739.353214,6148046.10803
583739.321609,6148046.10743
583739.277149,6148046.11771
583739.289792,6148046.11795
583739.36734,6148046.03038
583739.558667,6148045.94497
583739.858724,6148045.79484
583740.235057,6148045.6239
583740.674812,6148045.44304
583741.121525,6148045.22892
583741.580244,6148045.04841
583742.020211,6148044.85643
583742.44058,6148044.69746
583742.841986,6148044.53813
583743.210726,6148044.43384
583743.541328,6148044.33995
583743.82115,6148044.25623
583744.087906,6148044.19452
583744.304093,6148044.13185
583744.519856,6148044.09143
583744.690948,6148044.07243
583744.84961,6148044.04205
583744.989309,6148044.01132
583745.103936,6148043.96898
583745.200024,6148043.90402
583745.288942,6148043.88345
583745.35911,6148043.85139
583745.429065,6148043.83046
583745.492488,6148043.82054
583745.549589,6148043.81049
583745.600369,6148043.80033
583745.693701,6148043.88003
583745.880152,6148044.05056
583746.127482,6148044.34469
583746.386181,6148044.70584
583746.663207,6148045.10073
583746.945919,6148045.52912
583747.222309,6148045.95739
583747.504808,6148046.39691
583747.774241,6148046.85845
583748.050632,6148047.28672
583748.332707,6148047.7485
583748.627636,6148048.19938
583748.91582,6148048.67241
583749.210961,6148049.11217
583749.524641,6148049.57455
583749.838745,6148050.01467
583750.152848,6148050.45479
583750.479382,6148050.90628
583750.78042,6148051.36842
583751.075561,6148051.80818
583751.332775,6148052.24722
583751.577559,6148052.67489
583751.804229,6148053.05769
583751.999505,6148053.42876
583752.18952,6148053.74407
583752.361632,6148054.00338
583752.533744,6148054.26269
583752.712813,6148054.48873
583752.854592,6148054.68068
583752.978045,6148054.83887
583753.08317,6148054.96332
583753.151217,6148055.04254
583753.212731,6148055.13277
583753.249173,6148055.21139
583753.30479,6148055.27924
583753.335123,6148055.3466
583753.372201,6148055.39184
583753.427606,6148055.47082
583753.496289,6148055.51665
583753.557803,6148055.60688
583753.655759,6148055.77572
583753.764025,6148056.06721
583753.857316,6148056.48086
583753.949971,6148056.9279
583754.066002,6148057.47556
583754.156749,6148058.02275
583754.24686,6148058.60331
583754.318008,6148059.18352
583754.35755,6148059.76312
583754.422165,6148060.35434
583754.486779,6148060.94555
583754.501038,6148061.52467
583754.527514,6148062.12629
583754.535452,6148062.70529
583754.593321,6148063.31864
583754.627179,6148063.86474
583754.67283,6148064.4556
583754.706051,6148065.03508
583754.733164,6148065.60332
583754.779027,6148066.18304
583754.786116,6148066.80655
583754.806696,6148067.3858
583754.820954,6148067.96492
583754.835213,6148068.54404
583754.850531,6148069.06752
583754.853208,6148069.59077
583754.844302,6148070.05813
583754.830136,6148070.46973
583754.822927,6148070.84808
583754.816778,6148071.17078
583754.798411,6148071.47099
583754.787213,6148071.7268
583754.776652,6148071.94924
583754.76609,6148072.17167
583754.769443,6148072.32758
583754.766262,6148072.4945
583754.763718,6148072.62803
583754.780984,6148072.71741
583754.785821,6148072.79543
583754.791506,6148072.82893
583754.810257,6148072.84042
583754.842286,6148072.81876
583754.848819,6148072.80776
583754.849455,6148072.77437
583754.868842,6148072.75248
583754.869478,6148072.7191
583754.882544,6148072.69708
583754.89561,6148072.67507
583754.90804,6148072.68644
583754.92047,6148072.69781
583754.94533,6148072.72054
583754.976511,6148072.7434
583755.000523,6148072.81065
583755.004512,6148072.93317
583755.033148,6148073.08956
583755.036077,6148073.26773
583755.075447,6148073.52451
583755.101539,6148073.81443
583755.139213,6148074.16023
583755.182784,6148074.52841
583755.209088,6148074.8072
583755.205483,6148074.99638
583755.189661,6148075.16305
583755.186056,6148075.35222
583755.180331,6148075.65267
583755.216945,6148076.05411
583755.248086,6148076.41092
583755.217925,6148076.66637
583755.182928,6148076.84381
583755.14899,6148076.96562
583755.083236,6148077.09795
583755.044038,6148077.16399
583754.993046,6148077.18528
583754.986513,6148077.19629
583754.922031,6148077.26185
583754.844271,6148077.36055
583754.774104,6148077.39261
583754.716579,6148077.42491
583754.502937,6148077.35405
583754.301725,6148077.29456
583754.082399,6148077.19019
583753.882247,6148077.07506
583753.744246,6148077.01677
583753.675139,6148076.99319
583753.657024,6148076.94832
583753.638273,6148076.93683
583753.644594,6148076.93695
583753.632588,6148076.90333
583753.600771,6148076.91385
583753.601407,6148076.88047
583753.588977,6148076.8691
583753.556948,6148076.89076
583753.525767,6148076.8679
583753.488265,6148076.84492
583753.462981,6148076.84444
583753.457509,6148076.79981
583753.476684,6148076.78904
583753.52704,6148076.80113
583753.584777,6148076.7577
583753.661053,6148076.73689
583753.719002,6148076.68234
583753.827731,6148076.61762
583753.968489,6148076.53125
583754.1417,6148076.40097
583754.289203,6148076.29246
583754.443027,6148076.18408
583754.6215,6148076.10955
583754.813038,6148076.01302
583754.990874,6148075.97188
583755.155644,6148075.95276
583755.25784,6148075.89904
583755.295766,6148075.89977
583755.327795,6148075.87811
583755.366357,6148075.84545
583755.39881,6148075.80154
583755.432323,6148075.702
583755.448782,6148075.50194
583755.453234,6148075.26826
583755.457475,6148075.0457
583755.493745,6148074.8015
583755.497137,6148074.62345
583755.543505,6148074.51302
583755.562468,6148074.51338
583755.575534,6148074.49137
583755.620205,6148074.46995
583755.671197,6148074.44866
583755.747897,6148074.4056
583755.824809,6148074.3514
583755.951653,6148074.33156
583756.041419,6148074.26648
583756.086939,6148074.20055
583756.126561,6148074.11225
583756.146584,6148074.05698
583756.165759,6148074.04621
583756.229605,6148074.01403
583756.344019,6148073.98282
583756.458433,6148073.9516
583756.547139,6148073.94216
583756.591174,6148073.95413
583756.641318,6148073.97735
583756.641106,6148073.98848
583756.6291,6148073.95485
583756.685353,6148073.98932
583756.634997,6148073.97723
583756.635209,6148073.9661
583756.628888,6148073.96598
583756.6291,6148073.95485
583756.622991,6148073.94361
583756.616458,6148073.95461
583756.622991,6148073.94361
583756.604028,6148073.94324
583756.585277,6148073.93176
583756.585277,6148073.93176
583756.573271,6148073.89813
583756.567162,6148073.88688
583756.560629,6148073.89789
583756.548199,6148073.88652
583756.548199,6148073.88652
583756.541878,6148073.8864
583756.535982,6148073.86403
583756.561054,6148073.87564
583756.536406,6148073.84177
583756.473832,6148073.80718
583756.385762,6148073.78324
583756.398404,6148073.78348
583756.416519,6148073.82835
583756.497631,6148073.88556
583756.636693,6148073.88821
583756.837693,6148073.95883
583756.97001,6148073.98361
583757.045226,6148074.01844
583757.095158,6148074.05279
583757.13266,6148074.07577
583757.138557,6148074.09814
583757.131387,6148074.14253
583757.130539,6148074.18704
583757.136012,6148074.23168
583757.135376,6148074.26506
583757.135588,6148074.25393
583757.136012,6148074.23168
583757.154763,6148074.24316
583757.154975,6148074.23204
583757.161508,6148074.22103
583757.180683,6148074.21026
583757.180895,6148074.19914
583757.180895,6148074.19914
583757.193749,6148074.18825
583757.20007,6148074.18837
583757.206391,6148074.18849
583757.212924,6148074.17748
583757.231675,6148074.18897
583757.243893,6148074.21147
583757.268329,6148074.25646
583757.274438,6148074.26771
583757.293401,6148074.26807
583757.28708,6148074.26795
583757.293401,6148074.26807
583757.299722,6148074.26819
583757.306043,6148074.26831
583757.318473,6148074.27968
583757.318473,6148074.27968
583757.337012,6148074.3023
583757.343121,6148074.31354
583757.355975,6148074.30266
583757.368405,6148074.31403
583757.381047,6148074.31427
583757.380835,6148074.32539
583757.393689,6148074.31451
583757.399798,6148074.32576
583757.406119,6148074.32588
583757.418549,6148074.33724
583757.424658,6148074.34849
583757.443621,6148074.34885
583757.450154,6148074.33785
583757.456263,6148074.3491
583757.462796,6148074.33809
583757.469753,6148074.30483
583757.481971,6148074.32732
583757.513364,6148074.33905
583757.507255,6148074.3278
583757.526218,6148074.32816
583757.520109,6148074.31692
583757.521593,6148074.23902
583757.504326,6148074.14964
583757.504538,6148074.13851
583757.511071,6148074.1275
583757.505811,6148074.07175
583757.523501,6148074.13887
583757.535507,6148074.1725
583757.542676,6148074.12811
583757.548997,6148074.12823
583757.537416,6148074.07235
583757.550482,6148074.05033
583757.557439,6148074.01707
583757.564608,6148073.97268
583757.582935,6148074.00642
583757.589256,6148074.00655
583757.595365,6148074.01779
583757.595577,6148074.00667
583757.588832,6148074.0288
583757.595789,6148073.99554
583757.583359,6148073.98417
583757.589044,6148074.01767
583757.589256,6148074.00655
583757.595789,6148073.99554
583757.596425,6148073.96216
583757.602534,6148073.9734
583757.602958,6148073.95115
583757.596849,6148073.9399
583757.603382,6148073.92889
583757.609915,6148073.91789
583757.610127,6148073.90676
583757.609915,6148073.91789
583757.61666,6148073.89575
583757.616448,6148073.90688
583757.610127,6148073.90676
583757.610339,6148073.89563
583757.61666,6148073.89575
583757.610763,6148073.87337
583757.616872,6148073.88462
583757.629726,6148073.87374
583757.617296,6148073.86237
583757.618356,6148073.80673
583757.61246,6148073.78435
583757.612884,6148073.7621
583757.625738,6148073.75121
583757.625738,6148073.75121
583757.62595,6148073.74008
583757.632271,6148073.7402
583757.638804,6148073.7292
583757.638592,6148073.74032
583757.651446,6148073.72944
583757.645125,6148073.72932
583757.651446,6148073.72944
583757.651234,6148073.74056
583757.645125,6148073.72932
583757.645125,6148073.72932
583757.645125,6148073.72932
583757.644701,6148073.75157
583757.638804,6148073.7292
583757.632483,6148073.72908
583757.632695,6148073.71795
583757.639228,6148073.70694
583757.633119,6148073.69569
583757.63944,6148073.69581
583757.63944,6148073.69581
583757.63944,6148073.69581
583757.633331,6148073.68456
583757.633331,6148073.68456
583757.627222,6148073.67332
583757.627434,6148073.66219
583757.627858,6148073.63993
583757.634179,6148073.64005
583757.621537,6148073.63981
583757.634391,6148073.62893
583757.640924,6148073.61792
583757.640712,6148073.62905
583757.641348,6148073.59566
583757.634603,6148073.6178
583757.642196,6148073.55115
583757.648729,6148073.54015
583757.655475,6148073.51801
583757.686231,6148073.56312
583757.74206,6148073.61985
583757.78041,6148073.59831
583757.805058,6148073.63218
583757.823809,6148073.64367
583757.893764,6148073.62274
583757.962659,6148073.65744
583757.994264,6148073.65805
583758.020608,6148073.60289
583758.027565,6148073.56963
583758.033886,6148073.56975
583758.045892,6148073.60337
583758.037027,6148073.73678
583758.086534,6148073.79339
583758.009198,6148073.86983
583757.976321,6148073.936
583757.983702,6148073.88048
583757.945776,6148073.87976
583757.92028,6148073.8904
583757.945352,6148073.90201
583757.991083,6148073.82496
583757.990871,6148073.83609
583757.984338,6148073.8471
583757.971272,6148073.86911
583757.964951,6148073.86899
583757.95863,6148073.86887
583757.964739,6148073.88012
583757.964951,6148073.86899
583757.957358,6148073.93564
583757.937759,6148073.96866
583757.949765,6148074.00228
583757.956086,6148074.0024
583757.968516,6148074.01377
583757.955874,6148074.01353
583757.974837,6148074.01389
583757.980946,6148074.02514
583757.974837,6148074.01389
583758.03215,6148073.99272
583758.031514,6148074.0261
583758.043519,6148074.05973
583758.050052,6148074.04872
583758.050052,6148074.04872
583758.062907,6148074.03783
583758.063331,6148074.01558
583758.057434,6148073.9932
583758.025405,6148074.01486
583758.030453,6148074.08174
583758.030453,6148074.08174
583758.030877,6148074.05949
583758.02392,6148074.09275
583758.005169,6148074.08126
583757.98557,6148074.11428
583757.979461,6148074.10303
583757.97314,6148074.10291
583757.947008,6148074.14694
583757.928045,6148074.14658
583757.921936,6148074.13533
583757.902549,6148074.15723
583757.88295,6148074.19025
583763.598202,6148060.30656
583763.346805,6148060.5578
583763.238671,6148060.92308
583762.982821,6148061.408
583762.859541,6148061.57263
583762.756284,6148061.68198
583762.633852,6148061.8021
583762.575479,6148061.87891
583762.543662,6148061.88943
583762.427127,6148062.03192
583762.33736,6148062.097
583762.234316,6148062.19523
583762.182687,6148062.2499
583762.13738,6148062.3047
583762.073109,6148062.35913
583761.989452,6148062.43546
583761.899473,6148062.51166
583761.860275,6148062.57771
583761.827185,6148062.655
583761.743316,6148062.74246
583761.703693,6148062.83075
583761.670392,6148062.91917
583761.612231,6148062.98486
583761.566075,6148063.08416
583761.489163,6148063.13836
583761.456285,6148063.20452
583761.41119,6148063.24819
583761.378313,6148063.31435
583761.333005,6148063.36915
583761.30034,6148063.42418
583761.254821,6148063.49011
583761.228052,6148063.56752
583761.21435,6148063.62292
583761.175364,6148063.67783
583761.155976,6148063.69973
583761.135741,6148063.76613
583761.109185,6148063.83241
583761.083053,6148063.87644
583761.056708,6148063.9316
583761.024043,6148063.98664
583760.978948,6148064.0303
583760.933216,6148064.10735
583760.913193,6148064.16263
583760.886849,6148064.21779
583760.867037,6148064.26194
583760.828051,6148064.31685
583760.79581,6148064.34963
583760.763357,6148064.39354
583760.737012,6148064.4487
583760.71088,6148064.49273
583760.691069,6148064.53688
583760.652295,6148064.58067
583760.620054,6148064.61345
583760.594133,6148064.64635
583760.574534,6148064.67937
583760.541869,6148064.73441
583760.515949,6148064.76731
583760.489392,6148064.83359
583760.463472,6148064.86649
583760.443661,6148064.91064
583760.417529,6148064.95467
583760.404251,6148064.98781
583760.357883,6148065.09825
583760.376634,6148065.10974
583760.343969,6148065.16477
583760.305195,6148065.20856
583760.291916,6148065.2417
583760.271893,6148065.29698
583760.239652,6148065.32976
583760.21352,6148065.37379
583760.181066,6148065.4177
583760.161255,6148065.46185
583760.122693,6148065.49451
583760.096773,6148065.52741
583760.077174,6148065.56043
583760.051254,6148065.59333
583760.024697,6148065.65962
583760.017528,6148065.70401
583759.991396,6148065.74804
583759.984227,6148065.79243
583759.952197,6148065.81408
583759.925641,6148065.88037
583759.918684,6148065.91363
583759.89234,6148065.96879
583759.879062,6148066.00193
583759.84682,6148066.03471
583759.833542,6148066.06785
583759.814155,6148066.08974
583759.79498,6148066.10051
583759.775169,6148066.14466
583759.761891,6148066.1778
583759.742292,6148066.21082
583759.709202,6148066.28812
583759.683494,6148066.30989
583759.631018,6148066.40908
583759.605097,6148066.44198
583759.59814,6148066.47524
583759.578329,6148066.51939
583759.552197,6148066.56342
583759.532174,6148066.61869
583759.49972,6148066.6626
583759.492975,6148066.68474
583759.467267,6148066.70651
583759.441135,6148066.75054
583759.427857,6148066.78368
583759.420688,6148066.82807
583759.394767,6148066.86097
583759.355993,6148066.90476
583759.349248,6148066.9269
583759.329437,6148066.97105
583759.32248,6148067.00431
583759.309414,6148067.02632
583759.295924,6148067.07059
583759.276324,6148067.10362
583759.262834,6148067.14789
583759.237126,6148067.16966
583759.210994,6148067.21369
583759.197716,6148067.24683
583759.172008,6148067.2686
583759.158942,6148067.29062
583759.145663,6148067.32376
583759.119955,6148067.34553
583759.087714,6148067.37832
583759.080545,6148067.42271
583759.061158,6148067.4446
583759.035026,6148067.48863
583759.009742,6148067.48815
583758.990354,6148067.51004
583758.977288,6148067.53206
583758.957477,6148067.57621
583758.944411,6148067.59822
583758.937454,6148067.63148
583758.930921,6148067.64249
583758.923964,6148067.67575
583758.904365,6148067.70877
583758.884765,6148067.7418
583758.871699,6148067.76381
583758.845779,6148067.79671
583758.82618,6148067.82973
583758.813326,6148067.84062
583758.800048,6148067.87376
583758.793303,6148067.8959
583758.767595,6148067.91767
583758.747996,6148067.95069
583758.734505,6148067.99496
583758.721227,6148068.02811
583758.707949,6148068.06125
583758.700992,6148068.09451
583758.694035,6148068.12777
583758.693399,6148068.16116
583758.686442,6148068.19442
583758.679696,6148068.21655
583758.672951,6148068.23869
583758.659885,6148068.2607
583758.627856,6148068.28236
583758.602148,6148068.30413
583758.58887,6148068.33727
583758.582337,6148068.34828
583758.556841,6148068.35893
583758.537242,6148068.39195
583758.511746,6148068.40259
583758.498467,6148068.43573
583758.47908,6148068.45763
583758.472123,6148068.49089
583758.440306,6148068.50142
583758.41481,6148068.51206
583758.510897,6148068.4471
583758.632693,6148068.36037
583758.640286,6148068.29372
583758.627008,6148068.32687
583758.581913,6148068.37053
583758.541654,6148068.49222
583758.539746,6148068.59237
583758.55154,6148068.63712
583758.531517,6148068.69239
583758.581448,6148068.72674
583758.636005,6148068.85023
583758.476072,6148068.94737
583758.386305,6148069.01245
583758.422747,6148069.09107
583758.409045,6148069.14646
583758.377864,6148069.1236
583758.390718,6148069.11272
583758.323731,6148068.97786
583758.236934,6148068.88715
583758.250636,6148068.83176
583758.282877,6148068.79897
583758.220939,6148068.731
583758.190394,6148068.67476
583758.115602,6148068.61768
583758.067367,6148068.49431
583757.957617,6148068.28072
583757.839639,6148068.16715
583757.91337,6148068.27987
583757.961182,6148068.4255
583758.003733,6148068.51536
583758.10296,6148068.61744
583758.221787,6148068.68649
583758.371583,6148068.78953
583758.432673,6148068.90201
583758.457321,6148068.93588
583758.556124,6148069.06021
583758.648607,6148069.18442
583758.674315,6148069.16265
583758.761113,6148069.25336
583758.773543,6148069.26473
583758.773331,6148069.27585
583758.810408,6148069.32109
583758.809984,6148069.34334
583758.847486,6148069.36632
583758.88414,6148069.43381
583758.95872,6148069.50202
583759.050778,6148069.64849
583759.049294,6148069.72638
583759.104063,6148069.83874
583759.177582,6148069.96259
583759.220133,6148070.05246
583759.243296,6148070.16422
583759.197141,6148070.26352
583759.17839,6148070.25203
583759.21568,6148070.28614
583759.265824,6148070.30936
583759.334295,6148070.36632
583759.303326,6148070.33234
583759.260775,6148070.24247
583759.193152,6148070.141
583759.200534,6148070.08548
583759.206643,6148070.09673
583759.219921,6148070.06359
583759.231715,6148070.10834
583759.205794,6148070.14124
583759.250042,6148070.14208
583759.308627,6148070.05414
583759.369333,6148069.85493
583759.323389,6148069.94311
583759.153782,6148069.88422
583758.983751,6148069.84758
583758.769686,6148069.79898
583758.649162,6148069.81894
583758.674022,6148069.84168
583758.633976,6148069.95223
583758.606996,6148070.04077
583758.612044,6148070.10766
583758.624262,6148070.13016
583758.679879,6148070.19801
583758.698842,6148070.19837
583758.550106,6148070.03969
583758.444134,6148069.95975
583758.284836,6148070.0235
583758.233632,6148070.05592
583758.144926,6148070.06536
583758.094782,6148070.04215
583758.076455,6148070.0084
583758.020626,6148069.95168
583757.97027,6148069.93959
583757.938241,6148069.96124
583757.894206,6148069.94927
583757.863662,6148069.89303
583757.813942,6148069.84755
583757.783185,6148069.80244
583757.76507,6148069.75757
583757.733889,6148069.73471
583757.727568,6148069.73459
583757.714926,6148069.73435
583757.695963,6148069.73399
583757.664994,6148069.7
583757.601784,6148069.6988
583757.576288,6148069.70945
583757.525296,6148069.73074
583757.499376,6148069.76364
583757.48631,6148069.78565
583757.442063,6148069.78481
583757.423312,6148069.77332
583757.404349,6148069.77296
583757.397816,6148069.78397
583757.378641,6148069.79473
583757.359466,6148069.8055
583757.340503,6148069.80514
583757.333969,6148069.81615
583757.314794,6148069.82691
583757.28951,6148069.82643
583757.282977,6148069.83744
583757.270123,6148069.84832
583757.276232,6148069.85957
583757.269911,6148069.85945
583757.256845,6148069.88147
583757.231561,6148069.88098
583757.199956,6148069.88038
583757.180781,6148069.89115
583757.161818,6148069.89079
583757.161818,6148069.89079
583757.155285,6148069.90179
583757.142431,6148069.91268
583757.135686,6148069.93482
583757.134838,6148069.97933
583757.141159,6148069.97945
583757.140735,6148070.0017
583757.127669,6148070.02372
583757.127245,6148070.04597
583757.120924,6148070.04585
583757.107857,6148070.06787
583757.101112,6148070.09
583757.100688,6148070.11226
583757.094155,6148070.12326
583757.100052,6148070.14564
583757.100052,6148070.14564
583757.080665,6148070.16753
583757.086774,6148070.17878
583757.08635,6148070.20104
583757.104677,6148070.23478
583757.097508,6148070.27917
583757.082957,6148070.37908
583757.08737,6148070.47935
583757.130981,6148070.51358
583757.118127,6148070.52446
583757.123812,6148070.55797
583757.1236,6148070.5691
583757.110322,6148070.60224
583757.084614,6148070.62401
583757.071547,6148070.64603
583756.957981,6148070.63273
583756.947248,6148070.53234
583756.978641,6148070.54407
583756.965363,6148070.57721
583756.945976,6148070.59911
583756.984326,6148070.57757
583756.971896,6148070.5662
583757.038882,6148070.70106
583757.040791,6148070.60091
583757.053857,6148070.5789
583757.116431,6148070.61349
583757.209125,6148070.72657
583757.364606,6148070.86311
583757.591486,6148071.23478
583757.796938,6148071.07172
583757.511181,6148071.46702
583757.640741,6148071.63646
583757.591021,6148071.59099
583757.678071,6148071.33662
583757.764485,6148071.11563
583757.844366,6148070.90565
583757.943846,6148070.66265
583758.049223,6148070.44202
583758.16703,6148070.23276
583758.202239,6148070.04419
583758.223111,6148069.94441
583758.143482,6148069.80931
583758.049727,6148069.75186
583758.013285,6148069.67325
583758.166262,6148069.60937
583758.222939,6148069.62158
583758.237277,6148069.5328
583758.306384,6148069.55638
583758.351267,6148069.52384
583758.402259,6148069.50255
583758.459148,6148069.50363
583758.497923,6148069.45985
583758.499195,6148069.39308
583758.480868,6148069.35933
583758.494994,6148069.28168
583758.359113,6148069.11212
583758.40128,6148068.89028
583758.434157,6148068.82412
583758.498851,6148068.74743
583758.569443,6148068.69312
583758.670155,6148068.7173
583758.747279,6148068.65198
583758.85516,6148068.63177
583758.967878,6148068.68958
583759.056372,6148068.69126
583759.144442,6148068.71521
583759.220718,6148068.6944
583759.309212,6148068.69608
583759.37327,6148068.65278
583759.349895,6148068.55214
583759.092218,6148068.46931
583758.89139,6148068.72152
583758.697347,6148068.61763
583758.597483,6148068.54894
583758.53809,6148068.34744
583758.5537,6148068.19189
583758.552256,6148067.93583
583758.516027,6148067.84609
583758.618647,6148067.77012
583758.702516,6148067.68266
583758.82304,6148067.6627
583758.892571,6148067.66402
583758.973472,6148067.73235
583759.04173,6148067.80045
583759.059845,6148067.84532
583759.077536,6148067.91245
583759.044447,6148067.98974
583758.99303,6148068.03328
583758.929608,6148068.04321
583758.891258,6148068.06474
583758.85312,6148068.07515
583758.809509,6148068.04092
583758.721227,6148068.02811
583758.676344,6148068.06065
583758.630825,6148068.12657
583758.59922,6148068.12597
583758.567615,6148068.12536
583758.548864,6148068.11387
583758.592899,6148068.12585
583758.655473,6148068.16043
583758.635661,6148068.20458
583758.61585,6148068.24873
583758.571179,6148068.27014
583758.577924,6148068.24801
583758.571815,6148068.23676
583758.578772,6148068.2035
583758.579196,6148068.18124
583758.592475,6148068.1481
583758.59922,6148068.12597
583758.618183,6148068.12633
583758.623019,6148068.20434
583758.64177,6148068.21583
583758.666418,6148068.2497
583758.671255,6148068.32771
583758.581065,6148068.41505
583758.561041,6148068.47032
583758.649747,6148068.46088
583758.684109,6148068.31682
583758.634389,6148068.27135
583758.635449,6148068.21571
583758.604268,6148068.19285
583758.585093,6148068.20362
583758.573087,6148068.17
583758.572663,6148068.19225
583758.572027,6148068.22563
583758.577288,6148068.28139
583758.569483,6148068.35917
583758.498043,6148068.45799
583758.457573,6148068.5908
583758.51633,6148068.82569
583758.575511,6148069.03832
583758.549379,6148069.08235
583758.188658,6148069.09774
583758.08014,6148069.15133
583758.036742,6148069.10597
583758.110513,6148068.88474
583758.387406,6148068.62286
583758.545471,6148068.29192
583758.677828,6148067.98275
583758.768655,6148067.86203
583758.852312,6148067.7857
583758.86559,6148067.75256
583758.890874,6148067.75304
583758.851464,6148067.83022
583758.830593,6148067.93
583758.778328,6148068.01806
583758.75368,6148067.9842
583758.704385,6148067.91647
583758.680161,6148067.86035
583758.726316,6148067.76104
583758.759618,6148067.67262
583758.824312,6148067.59593
583758.919975,6148067.55323
583759.022172,6148067.49952
583759.156609,6148067.41302
583759.258381,6148067.38157
583759.294187,6148067.49357
583759.445255,6148067.52984
583759.598443,6148067.45484
583759.660805,6148067.50055
583759.747179,6148067.61352
583759.784681,6148067.6365
583759.783409,6148067.70326
583759.763173,6148067.76967
583759.736617,6148067.83595
583759.69131,6148067.89075
583759.627676,6148067.9118
583759.57732,6148067.89971
583759.502104,6148067.86488
583759.46545,6148067.79739
583759.410045,6148067.71841
583759.367494,6148067.62855
583759.306405,6148067.51606
583759.245527,6148067.39245
583759.202764,6148067.31372
583759.178329,6148067.26873
583759.146936,6148067.257
583759.140191,6148067.27913
583759.1267,6148067.3234
583759.181469,6148067.43576
583759.286382,6148067.57134
583759.442458,6148068.00845
583759.584196,6148068.53435
583759.751854,6148069.02734
583759.93067,6148069.59846
583760.136678,6148070.06992
583760.367971,6148070.54186
583760.604735,6148071.05844
583760.853506,6148071.60863
583761.07258,6148072.05808
583761.266794,6148072.48478
583761.423507,6148072.88851
583761.581279,6148073.2366
583761.714192,6148073.56196
583761.823092,6148073.82006
583761.894279,6148074.06632
583761.953248,6148074.29008
583761.999787,6148074.50247
583762.009036,6148074.68075
583762.025243,6148074.82577
583762.010268,6148074.94793
583761.982864,6148075.05873
583761.968101,6148075.16977
583761.92237,6148075.24682
583761.895814,6148075.3131
583761.87579,6148075.36838
583761.862088,6148075.42378
583761.861664,6148075.44603
583761.873458,6148075.49078
583761.918977,6148075.42486
583762.011076,6148075.23738
583762.118361,6148074.9166
583762.233452,6148074.51805
583762.356136,6148074.05285
583762.473348,6148073.54303
583762.609734,6148073.02243
583762.740012,6148072.49059
583762.91496,6148071.93734
583763.089697,6148071.39521
583763.277288,6148070.8422
583763.470987,6148070.30044
583763.658578,6148069.74743
583763.859023,6148069.18353
583764.040293,6148068.63039
583764.246847,6148068.07774
583764.403469,6148067.49074
583764.572521,6148066.91512
583764.716289,6148066.339
583764.859634,6148065.78515
583765.002554,6148065.25355
583765.112384,6148064.79924
583765.234008,6148064.38968
583765.316646,6148064.03504
583765.379685,6148063.71342
583765.416592,6148063.43583
583765.446965,6148063.16925
583765.457315,6148062.95794
583765.479459,6148062.79139
583765.501179,6148062.64709
583765.509409,6148062.54706
583765.523323,6148062.48054
583765.524171,6148062.43603
583765.524807,6148062.40264
583765.500584,6148062.34652
583765.483105,6148062.26827
583765.458033,6148062.25666
583765.45256,6148062.21203
583765.440979,6148062.15615
583765.429397,6148062.10027
583765.300685,6148061.88631
583765.085811,6148061.54826
583764.853246,6148061.14309
583764.571174,6148060.68131
583764.264241,6148060.1968
583763.91285,6148059.72257
583763.574948,6148059.20407
583763.224617,6148058.6742
583762.899357,6148058.15594
583762.593272,6148057.62692
583762.300254,6148057.07588
583762.032307,6148056.53645
583761.764148,6148056.00815
583761.496838,6148055.43533
583761.241109,6148054.9184
583761.004131,6148054.41296
583760.78548,6148053.94126
583760.598434,6148053.47016
583760.422546,6148053.0772
583760.284796,6148052.67383
583760.164525,6148052.34872
583760.069113,6148052.04634
583760.004459,6148051.78908
583759.952235,6148051.54319
583759.918125,6148051.34216
583759.883168,6148051.18565
583759.854107,6148051.05152
583759.824198,6148050.9619
583759.79429,6148050.87227
583759.738461,6148050.81555
583759.682632,6148050.75883
583759.620481,6148050.70198
583759.551798,6148050.65615
583759.482479,6148050.64369
583759.432971,6148050.58709
583759.344901,6148050.56315
583759.187299,6148050.53788
583758.890846,6148050.49884
583758.475143,6148050.413
583758.009083,6148050.31506
583757.485921,6148050.22717
583756.956651,6148050.12803
583756.421059,6148050.02877
583755.898322,6148049.91863
583755.407826,6148049.7757
583754.930608,6148049.59963
583754.478462,6148049.43517
583754.038958,6148049.27095
583753.574594,6148049.084
583753.097588,6148048.8968
583752.639121,6148048.73222
583752.155369,6148048.56716
583751.6594,6148048.3796
583751.213787,6148048.20413
583750.767962,6148048.03979
583750.303174,6148047.87509
583749.876099,6148047.72224
583749.423529,6148047.58004
583748.957893,6148047.45985
583747.86817,6148047.23872
583747.307081,6148047.1501
583746.739884,6148047.05024
583746.17922,6148046.93938
583745.650373,6148046.81798
583745.184948,6148046.68667
583744.769244,6148046.60082
583744.397999,6148046.5047
583744.064256,6148046.43155
583743.768439,6148046.35912
583743.51687,6148046.28754
583743.296693,6148046.22769
583743.082838,6148046.16795
583742.894055,6148046.11983
583742.736241,6148046.10569
583742.58496,6148046.08054
583742.452642,6148046.05576
583742.339288,6148046.03134
583742.219824,6148045.99567
583742.125856,6148045.94935
583742.031677,6148045.91416
583741.943182,6148045.91247
583741.873863,6148045.90002
583741.792113,6148045.8762
583741.70994,6148045.87463
583741.53906,6148045.88251
583741.343108,6148045.87878
583741.09069,6148045.85171
583740.856812,6148045.84725
583740.628618,6148045.8763
583740.426345,6148045.87244
583740.254405,6148045.93596
583740.089846,6148045.94396
583739.987862,6148045.98654
583739.89241,6148046.01812
583739.803916,6148046.01643
583739.721318,6148046.03712
583739.638933,6148046.04668
583739.569189,6148046.05649
583739.512088,6148046.06653
583739.455199,6148046.06545
583739.391988,6148046.06424
583739.347529,6148046.07453
583739.303282,6148046.07368
583739.341632,6148046.05215
583739.444676,6148045.95393
583739.662136,6148045.82449
583739.981367,6148045.6636
583740.370343,6148045.4929
583740.803777,6148045.31192
583741.249006,6148045.17569
583741.682228,6148045.00583
583742.115239,6148044.8471
583742.503366,6148044.72092
583742.865786,6148044.6165
583743.202921,6148044.51161
583743.51456,6148044.41736
583743.781952,6148044.32227
583744.023423,6148044.26008
583744.226756,6148044.2083
583744.398273,6148044.16704
583744.550402,6148044.14767
583744.683567,6148044.12794
583744.8102,6148044.11923
583744.917658,6148044.12127
583745.031437,6148044.12344
583745.119719,6148044.13625
583745.195572,6148044.1377
583745.265103,6148044.13902
583745.322204,6148044.12898
583745.372561,6148044.14107
583745.436195,6148044.12002
583745.567241,6148044.21157
583745.760013,6148044.38222
583746.02567,6148044.7101
583746.322719,6148045.04971
583746.618073,6148045.47835
583746.919111,6148045.94048
583747.232792,6148046.40286
583747.533406,6148046.88725
583747.827911,6148047.3604
583748.134634,6148047.85604
583748.428503,6148048.36257
583748.723008,6148048.83571
583749.010768,6148049.33099
583749.305061,6148049.81526
583749.586712,6148050.29929
583749.862254,6148050.77208
583750.143904,6148051.25611
583750.425767,6148051.72901
583750.720483,6148052.19103
583751.009303,6148052.63067
583751.280007,6148053.02544
583751.526276,6148053.37522
583751.754217,6148053.69125
583751.957722,6148053.96229
583752.142477,6148054.22184
583752.308904,6148054.44764
583752.47007,6148054.61769
583752.618594,6148054.7875
583752.755113,6148054.92368
583752.885734,6148055.03748
583753.01067,6148055.11779
583753.122964,6148055.19785
583753.229362,6148055.25553
583753.310899,6148055.29048
583753.398969,6148055.31443
583753.480294,6148055.3605
583753.52433,6148055.37247
583753.587328,6148055.3848
583753.642945,6148055.45265
583753.70972,6148055.59864
583753.799022,6148055.88977
583753.886205,6148056.29217
583753.959261,6148056.77223
583754.031681,6148057.28567
583754.103676,6148057.82136
583754.188102,6148058.36843
583754.265995,6148058.9265
583754.3441,6148059.47344
583754.396709,6148060.03103
583754.486819,6148060.6116
583754.552282,6148061.1583
583754.630387,6148061.70525
583754.701746,6148062.27433
583754.761312,6148062.79865
583754.819817,6148063.37862
583754.878535,6148063.94746
583754.925034,6148064.4938
583754.958468,6148065.06215
583754.972726,6148065.64128
583754.99373,6148066.19826
583754.970486,6148066.75441
583754.953563,6148067.31067
583754.923999,6148067.8667
583754.894434,6148068.42272
583754.859184,6148068.94524
583754.811293,6148069.46752
583754.783212,6148069.94565
583754.762301,6148070.37939
583754.717166,6148070.75701
583754.697527,6148071.12398
583754.659985,6148071.43495
583754.622655,6148071.7348
583754.605348,6148071.97937
583754.594575,6148072.21293
583754.603612,6148072.40234
583754.600008,6148072.59151
583754.609257,6148072.7698
583754.606501,6148072.91446
583754.603744,6148073.05912
583754.570019,6148073.16979
583754.549148,6148073.26958
583754.509314,6148073.36901
583754.464218,6148073.41267
583754.455777,6148073.52383
583754.460826,6148073.59072
583754.526964,6148073.77009
583754.641126,6148074.08395
583754.760125,6148074.47583
583754.890494,6148074.93471
583755.032444,6148075.44948
583755.186612,6148075.98674
583755.315285,6148076.53465
583755.456811,6148077.07167
583755.591592,6148077.63082
583755.706774,6148078.223
583755.822804,6148078.77067
583755.925556,6148079.35148
583756.021987,6148079.93216
583756.118842,6148080.4906
583756.201995,6148081.10443
583756.292105,6148081.685
583756.375469,6148082.2877
583756.465791,6148082.85714
583756.550428,6148083.39307
583756.61695,6148083.88414
583756.690854,6148084.31969
583756.734,6148084.71012
583756.771462,6148085.06705
583756.816517,6148085.35733
583756.830603,6148085.61363
583756.857967,6148085.83679
583756.860471,6148086.03721
583756.876041,6148086.21561
583756.89246,6148086.3495
583756.877061,6148086.49392
583756.875153,6148086.59407
583756.84164,6148086.69362
583756.80223,6148086.77079
583756.75039,6148086.83659
583756.691593,6148086.93566
583756.652606,6148086.99057
583756.613196,6148087.06775
583756.562204,6148087.08904
583756.455808,6148087.03135
583756.282213,6148086.84994
583756.060807,6148086.5229
583755.822558,6148086.08422
583755.527845,6148085.6222
583755.258839,6148085.13841
583754.952755,6148084.60939
583754.659314,6148084.0806
583754.391368,6148083.54117
583754.11078,6148083.0015
583753.842834,6148082.46207
583753.581422,6148081.91164
583753.319585,6148081.38346
583753.077134,6148080.83338
583752.821406,6148080.31645
583752.585277,6148079.76649
583752.336506,6148079.2163
583752.093843,6148078.67735
583751.832642,6148078.11579
583751.596725,6148077.5547
583751.385879,6148077.00523
583751.1881,6148076.43374
583750.983787,6148075.87326
583750.80497,6148075.30214
583750.60719,6148074.73065
583750.390448,6148074.1588
583750.167172,6148073.59796
583749.94432,6148073.01486
583749.739795,6148072.46551
583749.529373,6148071.89378
583749.306097,6148071.33294
583749.076288,6148070.78311
583748.834048,6148070.22191
583748.597918,6148069.67195
583748.355467,6148069.12188
583748.125869,6148068.56091
583747.909126,6148067.98907
583747.679952,6148067.40585
583747.443822,6148066.85589
583747.207903,6148066.29481
583746.97262,6148065.70035
583746.743659,6148065.106
583746.520594,6148064.53403
583746.29142,6148063.95082
583746.081421,6148063.35683
583745.864889,6148062.77386
583745.641824,6148062.20189
583745.425292,6148061.61891
583745.214657,6148061.05831
583744.9977,6148060.49759
583744.780956,6148059.92574
583744.557679,6148059.3649
583744.129875,6148058.25471
583744.129875,6148058.25471
583743.906809,6148057.68274
583743.702283,6148057.13339
583743.492071,6148056.55053
583743.287757,6148055.99005
583743.083442,6148055.42957
583742.892405,6148054.83595
583742.681981,6148054.26422
583742.471769,6148053.68137
583742.082739,6148052.52739
583741.885169,6148051.94477
583741.693495,6148051.38453
583741.483071,6148050.81281
583741.291398,6148050.25257
583741.086871,6148049.70322
583740.894986,6148049.1541
583740.678028,6148048.59338
583740.460435,6148048.06605
583740.237156,6148047.50521
583740.013877,6148046.94437
583739.790599,6148046.38352
583739.592392,6148045.83429
583739.394397,6148045.27393
583739.209045,6148044.71382
583739.023692,6148044.1537
583738.856879,6148043.6162
583738.690701,6148043.04531
583738.54285,6148042.50817
583738.383206,6148041.92628
583738.235567,6148041.37801
583738.113424,6148040.8191
583737.991494,6148040.24906
583737.881569,6148039.71264
583737.783651,6148039.20984
583737.659812,6148038.73995
583737.560622,6148038.30392
583737.46016,6148037.93466
583737.346419,6148037.59854
583737.251006,6148037.29617
583737.141679,6148037.06032
583737.031716,6148036.85785
583736.921329,6148036.67764
583736.810517,6148036.51969
583736.718458,6148036.37322
583736.644937,6148036.24937
583736.590379,6148036.12588
583736.560682,6148036.02513
583736.549947,6148035.92474
583736.544898,6148035.85785
583736.539213,6148035.82435
583736.53374,6148035.77972
583736.527631,6148035.76847
583736.534588,6148035.73521
583736.56178,6148035.63554
583736.521772,6148035.41214
583736.459236,6148035.04361
583736.391863,6148034.59705
583736.313119,6148034.08349
583736.254399,6148033.51465
583736.21443,6148032.95731
583736.168775,6148032.36645
583736.117224,6148031.75323
583736.090532,6148031.16274
583736.057732,6148030.561
583736.031041,6148029.97051
583736.010458,6148029.39126
583735.977446,6148028.80065
583735.962973,6148028.23266
583735.967675,6148027.6539
583735.946669,6148027.09691
583735.937457,6148026.58467
583735.945936,6148026.13956
583735.972742,6148025.7282
583735.948344,6148025.34926
583735.974303,6148024.9824
583736.000897,6148024.58217
583736.047515,6148024.12665
583736.069272,6148023.6484
583736.109993,6148023.17052
583736.142909,6148022.7704
583736.15979,6148022.54809
583736.175188,6148022.40367
583736.170563,6148022.31452
583736.264955,6148022.33859
583736.439825,6148022.45324
583736.720246,6148022.67008
583737.04237,6148023.0213
583737.412943,6148023.48476
583737.831541,6148024.08272
583738.236012,6148024.75833
583738.658598,6148025.47881
583739.080125,6148026.25493
583739.506912,6148027.08681
583739.934547,6148027.87418
583740.335626,6148028.72783
583740.768098,6148029.59322
583741.176133,6148030.41361
583741.570679,6148031.27827
583741.984611,6148032.12103
583742.373259,6148032.96332
583742.767591,6148033.83911
583743.174778,6148034.70401
583743.581541,6148035.59117
583743.994624,6148036.47844
583744.401174,6148037.37673
583744.807512,6148038.28614
583745.219747,6148039.21793
583745.632618,6148040.11634
583746.045064,6148041.037
583746.432862,6148041.92379
583746.839623,6148042.81095
583747.240487,6148043.67573
583747.641351,6148044.54051
583748.036106,6148045.39405
583748.468574,6148046.25943
583748.869649,6148047.11308
583749.26398,6148047.98887
583749.66463,6148048.86478
583750.046742,6148049.71808
583750.397885,6148050.53738
583750.663077,6148051.22147
583750.771727,6148051.82466
583750.850469,6148052.33822
583750.900149,6148052.71764
583750.900322,6148053.04047
583750.916701,6148053.50831
583750.927395,6148053.94265
583750.944834,6148054.35486
583750.945007,6148054.67769
583750.947935,6148054.85585
583750.939282,6148054.97813
583750.936738,6148055.11167
583750.93589,6148055.15618
583750.922188,6148055.21157
583751.030666,6148055.49193
583751.053405,6148055.62595
583751.027697,6148055.64772
583750.966607,6148055.53524
583750.674396,6148055.27364
583750.369118,6148055.03406
583750.156111,6148054.92982
583749.961007,6148054.88157
583749.790552,6148054.86719
583749.64538,6148054.85329
583749.505046,6148054.91741
583749.42054,6148055.03825
583749.339811,6148055.29274
583749.344609,6148055.70471
583749.386908,6148056.13965
583749.414869,6148056.66338
583749.467691,6148057.20984
583749.477537,6148057.68869
583749.518776,6148058.17927
583749.509236,6148058.68002
583749.525403,6148059.15899
583749.509965,6148059.63736
583749.477896,6148059.99297
583749.477645,6148060.33805
583749.485199,6148060.60535
583749.499073,6148060.87278
583749.545401,6148061.0963
583749.552742,6148061.37473
583749.526995,6148061.73046
583749.545918,6148062.06477
583749.526916,6148062.39836
583749.539942,6148062.7103
583749.547072,6148062.99986
583749.585806,6148063.29002
583749.567016,6148063.61248
583749.580042,6148063.92442
583749.593281,6148064.22523
583749.60041,6148064.51479
583749.600583,6148064.83762
583749.626463,6148065.13867
583749.670883,6148065.46233
583749.716575,6148065.71923
583749.825264,6148065.98847
583749.93459,6148066.22432
583750.062031,6148066.50504
583750.183999,6148066.74113
583750.311651,6148067.01072
583750.4648,6148067.26967
583750.599198,6148067.51713
583750.707675,6148067.79749
583750.80962,6148068.08886
583750.89871,6148068.39111
583751.005916,6148068.73824
583751.120078,6148069.0521
583751.226647,6148069.43261
583751.303096,6148069.73463
583751.359309,6148070.10304
583751.443139,6148070.34954
583751.577536,6148070.597
583751.718043,6148070.85571
583751.871403,6148071.10353
583752.068586,6148071.37445
583752.235225,6148071.58912
583752.395543,6148071.80368
583752.606004,6148072.04146
583752.785285,6148072.25638
583752.926215,6148072.49283
583753.003935,6148072.72808
583752.905516,6148072.91544
583752.81889,6148073.14756
583752.782197,6148073.41402
583752.687978,6148073.71278
583752.593971,6148074.00042
583752.538951,6148074.23313
583752.48499,6148074.41021
583752.439471,6148074.47614
583752.405534,6148074.59794
583752.396881,6148074.72022
583752.426365,6148074.8321
583752.505146,6148075.01171
583752.6227,6148075.14753
583752.696432,6148075.26026
583752.807242,6148075.41821
583752.930057,6148075.60979
583753.033485,6148075.82327
583753.156089,6148076.02597
583753.215482,6148076.22748
583753.313862,6148076.37406
583753.373255,6148076.57557
583753.459417,6148076.69966
583753.538197,6148076.87927
583753.64311,6148077.01485
583753.715569,6148077.19433
583753.768642,6148077.39572
583753.757868,6148077.62928
583753.76733,6148077.79643
583753.77047,6148077.96347
583753.774671,6148078.07487
583753.829863,6148078.16497
583753.840173,6148078.28762
583753.888409,6148078.41099
583753.892609,6148078.52239
583753.883956,6148078.64467
583753.862661,6148078.76671
583753.847898,6148078.87775
583753.928799,6148078.94608
583753.989677,6148079.06969
583754.068669,6148079.23817
583754.13502,6148079.40641
583754.246465,6148079.53098
583754.312391,6148079.72148
583754.335979,6148079.81098
583754.385063,6148079.88984
583754.448273,6148079.89105
583754.435207,6148079.91306
583754.416032,6148079.92383
583754.460491,6148079.91354
583754.473769,6148079.8804
583754.467872,6148079.85802
583754.556578,6148079.84858
583754.556366,6148079.85971
583754.593867,6148079.88269
583754.625048,6148079.90555
583754.611558,6148079.94982
583754.566675,6148079.98236
583754.579105,6148079.99372
583754.572784,6148079.9936
583754.547712,6148079.98199
583754.541391,6148079.98187
583754.535282,6148079.97063
583754.542239,6148079.93736
583754.509998,6148079.97014
583754.516531,6148079.95914
583754.504101,6148079.94777
583754.504101,6148079.94777
583754.49778,6148079.94765
583754.491883,6148079.92527
583754.479454,6148079.9139
583754.479454,6148079.9139
583754.473345,6148079.90266
583754.467024,6148079.90254
583754.467024,6148079.90254
583754.467236,6148079.89141
583754.467236,6148079.89141
583754.48009,6148079.88052
583754.473557,6148079.89153
583754.48009,6148079.88052
583754.48009,6148079.88052
583754.48009,6148079.88052
583754.473557,6148079.89153
583754.473769,6148079.8804
583754.473981,6148079.86927
583754.474193,6148079.85814
583754.467872,6148079.85802
583754.467872,6148079.85802
583754.468084,6148079.8469
583754.468296,6148079.83577
583754.461763,6148079.84678
583754.455442,6148079.84666
583754.449121,6148079.84654
583754.442588,6148079.85754
583754.436479,6148079.84629
583754.436691,6148079.83517
583754.430158,6148079.84617
583754.423837,6148079.84605
583754.417516,6148079.84593
583754.417516,6148079.84593
583754.404874,6148079.84569
583754.392232,6148079.84545
583754.379802,6148079.83408
583754.373481,6148079.83396
583754.360839,6148079.83372
583754.360839,6148079.83372
583754.360839,6148079.83372
583754.354306,6148079.84473
583754.335555,6148079.83324
583754.322489,6148079.85525
583754.315956,6148079.86626
583754.309635,6148079.86614
583754.303102,6148079.87715
583754.290672,6148079.86578
583754.297205,6148079.85477
583754.278242,6148079.85441
583754.271709,6148079.86542
583754.259067,6148079.86518
583754.259067,6148079.86518
583754.252958,6148079.85393
583754.246425,6148079.86494
583754.252958,6148079.85393
583754.252746,6148079.86506
583754.252746,6148079.86506
583754.252958,6148079.85393
583754.253382,6148079.83167
583754.253382,6148079.83167
583754.240952,6148079.82031
583754.234631,6148079.82018
583754.22831,6148079.82006
583754.221565,6148079.8422
583754.215244,6148079.84208
583754.202602,6148079.84184
583754.202814,6148079.83071
583754.17753,6148079.83023
583754.170997,6148079.84124
583754.151822,6148079.852
583754.158355,6148079.84099
583754.152034,6148079.84087
583754.145713,6148079.84075
583754.152034,6148079.84087
583754.13918,6148079.85176
583754.13918,6148079.85176
583754.126538,6148079.85152
583754.120217,6148079.8514
583754.107787,6148079.84003
583754.101678,6148079.82878
583754.101678,6148079.82878
583754.089248,6148079.81741
583754.082927,6148079.81729
583754.082927,6148079.81729
583754.077031,6148079.79492
583754.077031,6148079.79492
583754.07071,6148079.7948
583754.064389,6148079.79468
583754.064601,6148079.78355
583754.051959,6148079.78331
583754.051959,6148079.78331
583754.051959,6148079.78331
583754.045638,6148079.78319
583754.051747,6148079.79444
583754.051747,6148079.79444
583754.051747,6148079.79444
583754.05828,6148079.78343
583754.051959,6148079.78331
583754.05828,6148079.78343
583754.051959,6148079.78331
583754.051959,6148079.78331
583754.045214,6148079.80544
583754.051535,6148079.80556
583754.045214,6148079.80544
583754.051323,6148079.81669
583754.051535,6148079.80556
583754.057856,6148079.80568
583754.070922,6148079.78367
583754.128659,6148079.74024
583754.12255,6148079.729
583754.129083,6148079.71799
583754.116441,6148079.71775
583754.104011,6148079.70638
583754.104223,6148079.69525
583754.141937,6148079.7071
583754.160476,6148079.72972
583754.197553,6148079.77495
583754.219445,6148079.95348
583754.183175,6148080.19768
583754.217709,6148080.37645
583754.250162,6148080.33254
583754.320117,6148080.31161
583754.413871,6148080.36906
583754.551025,6148080.47185
583754.576481,6148080.79516
583754.520188,6148081.09464
583754.540383,6148081.36219
583754.650132,6148081.57579
583754.793607,6148081.67871
583754.746815,6148081.81139
583754.780713,6148082.02354
583754.795223,6148082.25759
583754.726712,6148082.53457
583754.767567,6148082.71346
583754.783137,6148082.89187
583754.754249,6148083.08056
583754.86947,6148083.33878
583754.946342,6148083.61854
583755.072298,6148083.97715
583755.162872,6148084.20152
583755.164952,6148084.42419
583755.22897,6148084.71484
583755.287515,6148084.96085
583755.276954,6148085.18328
583755.291676,6148085.4062
583755.231395,6148085.58316
583755.140144,6148085.72613
583755.181847,6148085.86051
583755.284851,6148086.09624
583755.337499,6148086.31987
583755.428921,6148086.49972
583755.501592,6148086.66809
583755.548555,6148086.85822
583755.539266,6148087.01389
583755.568326,6148087.14802
583755.565146,6148087.31494
583755.633617,6148087.3719
583755.682912,6148087.43963
583755.637393,6148087.50555
583755.533713,6148087.63716
583755.461002,6148087.80275
583755.343407,6148088.00088
583755.282066,6148088.23348
583755.303997,6148088.07805
583755.322112,6148088.12292
583755.317063,6148088.05604
583755.290083,6148088.14458
583755.238455,6148088.19925
583755.232558,6148088.17688
583755.227085,6148088.13225
583755.300009,6148087.95553
583755.292416,6148088.02217
583755.280198,6148087.99968
583755.274089,6148087.98843
583755.272817,6148088.05519
583755.33327,6148088.20106
583755.445351,6148088.29225
583755.549415,6148088.47234
583755.605244,6148088.52906
583755.698574,6148088.60876
583755.768317,6148088.59896
583755.842684,6148088.6783
583755.9179,6148088.71313
583756.017339,6148088.80408
583756.11487,6148088.99517
583756.24023,6148089.05322
583756.33356,6148089.13292
583756.438684,6148089.25737
583756.518949,6148089.35909
583756.586783,6148089.44944
583756.693179,6148089.50712
583756.762074,6148089.54183
583756.805897,6148089.56493
583756.831605,6148089.54316
583756.81349,6148089.49828
583756.694876,6148089.4181
583756.695936,6148089.36246
583756.677821,6148089.31759
583756.647913,6148089.22797
583756.610623,6148089.19386
583756.580926,6148089.09311
583756.6197,6148089.04932
583756.556703,6148089.03699
583756.527642,6148088.90285
583756.460868,6148088.75687
583756.399142,6148088.67777
583756.185077,6148088.62916
583755.998417,6148088.46976
583755.924049,6148088.39042
583755.856639,6148088.27782
583755.832415,6148088.2217
583755.794913,6148088.19872
583755.835596,6148088.05479
583755.888284,6148087.94447
583755.965832,6148087.8569
583756.037059,6148087.7692
583756.032858,6148087.6578
583756.047621,6148087.54677
583756.137386,6148087.48169
583756.158682,6148087.35964
583756.117616,6148087.19188
